2 01 31.06.1999 4 4 4 3 2 4 3 5 Соболева Александра Антоновна
3 01 03.05.1999 5 2 3 5 4 4 2 5 Беляев Павел Макарович
2 05 28.08.2000 3 2 3 3 2 5 5 3 Зубов Александр Никитич
4 05 24.11.2000 3 4 5 2 3 4 3 2 Шестакова Анна Елисеевна
5 04 16.10.2001 3 5 2 4 2 3 4 2 Егоров Александр Максимович
1 01 08.04.1998 2 2 4 4 3 4 3 4 Лобанова Анна Эмильевна
2 01 01.05.2001 3 3 3 4 4 3 3 3 Смирнов Артемий Иванович
4 02 09.02.1995 4 5 2 4 3 4 5 3 Жукова Вера Платоновна
2 03 06.02.1999 5 4 2 4 4 2 3 4 Тихонов Тигран Родионович
3 04 09.06.1996 4 2 3 5 5 4 5 5 Астафьева Алёна Никитична
1 02 07.02.1998 3 5 4 4 3 3 4 4 Русакова Полина Никитична
1 01 09.12.2001 4 2 4 4 4 4 4 3 Лапшин Фёдор Егорович
3 02 22.07.1999 3 5 2 2 4 3 3 3 Быкова Юлия Алексеевна
2 02 24.11.1999 3 4 2 5 4 3 2 4 Трифонов Константин Львович
4 02 26.01.1999 2 3 5 2 5 2 4 5 Морозова Анна Александровна
5 02 04.10.1997 4 5 3 3 2 3 4 5 Еремин Роман Дмитриевич
3 04 23.10.1995 4 3 2 4 4 4 4 4 Суворов Макар Романович
1 03 24.08.1998 3 5 4 5 4 4 5 2 Кузнецова Екатерина Даниловна
3 02 16.11.1995 4 3 4 5 3 3 4 2 Волкова Анастасия Марковна
5 04 12.03.1995 3 3 3 3 4 3 3 3 Шевелева Александра Денисовна
4 02 14.06.1999 4 5 5 4 2 5 4 3 Сафонова Василиса Данииловна
5 05 11.06.1998 3 2 3 2 4 3 4 2 Константинова Амина Саввична
2 03 09.08.1997 5 3 4 4 2 3 4 2 Шишкин Артём Павлович
3 02 06.09.1998 5 4 5 3 5 4 5 4 Сергеев Иван Михайлович
4 04 20.03.1997 4 5 2 3 3 4 4 3 Рудаков Александр Дмитриевич
3 05 30.09.1997 4 2 5 5 5 5 4 5 Филиппов Даниил Маркович
4 05 27.05.1999 4 5 2 3 4 4 3 2 Михайлов Артём Андреевич
1 03 24.02.1998 3 2 4 3 3 3 3 4 Долгов Фёдор Тимофеевич
2 01 30.01.1997 5 4 2 3 3 3 4 3 Тарасов Артём Даниилович
1 05 24.08.1996 3 2 3 5 5 5 4 5 Кузнецова Анна Тимуровна
1 02 26.10.1995 5 2 5 3 3 4 5 4 Некрасова Софья Никитична
3 03 02.03.1998 4 2 4 5 5 5 5 5 Николаев Вячеслав Павлович
5 01 15.02.2001 4 2 3 3 2 5 4 4 Богданов Илья Антонович
5 03 31.06.2000 3 5 4 2 5 3 4 3 Белова Мария Михайловна
4 05 21.04.1995 4 3 2 2 3 3 4 3 Петрова Анастасия Константиновна
5 03 08.10.1998 3 2 3 3 4 3 3 3 Константинов Юрий Александрович
4 05 25.03.2000 2 5 2 5 3 4 4 5 Матвеева Варвара Александровна
4 03 03.10.1997 4 4 3 3 5 3 5 2 Иванов Степан Демидович
5 01 31.07.1999 3 2 4 3 3 3 3 3 Фокина Майя Михайловна
1 04 21.11.2000 5 5 5 5 4 4 5 4 Кондратьева Юлия Ильинична
1 03 02.03.1999 5 5 2 2 4 4 3 5 Тимофеев Ярослав Олегович
4 02 15.01.1997 5 4 3 3 2 3 3 2 Фирсов Марат Георгиевич
2 02 02.02.2000 3 2 2 5 5 4 5 5 Колпаков Александр Денисович
3 04 11.11.2000 2 3 4 5 5 5 3 2 Терентьев Сергей Максимович
3 05 10.06.1995 5 3 2 3 2 3 3 2 Прохорова Мария Максимовна
1 03 30.07.2000 5 4 5 2 4 2 4 3 Пирогова Василиса Денисовна
5 05 06.12.2001 4 2 2 5 5 5 4 2 Баранов Мирон Семёнович
2 01 21.05.2000 5 4 3 4 4 3 4 2 Куликов Максим Матвеевич
5 02 06.06.1997 3 5 3 2 5 3 2 5 Соболева Валерия Александровна
1 01 20.08.1995 4 3 3 5 2 4 4 4 Иванов Александр Сергеевич
4 01 09.04.1998 2 2 4 4 2 2 5 5 Лебедев Артур Тихонович
1 02 24.12.2001 3 3 5 5 3 3 5 3 Сорокин Михаил Артемьевич
5 01 29.09.2001 2 2 5 5 4 5 5 5 Кулешова Полина Демидовна
2 03 05.05.2000 3 4 3 4 3 5 4 4 Козырева Николь Михайловна
2 02 27.02.2001 2 2 2 2 4 2 4 5 Короткова Василиса Арсентьевна
5 05 12.10.1995 2 3 2 2 4 3 2 2 Жуков Александр Тимурович